#-----------------
#f2
param deltadc:=
;

#-----------------
#f2
param deltacc:=
1 4 0.1666
8 4 0.239101529141
16 4 0.343154509228
24 4 0.492489603169
32 4 0.706812828353
40 4 1.0
48 4 1.0
1 5 0.1666
8 5 0.239101529141
16 5 0.343154509228
24 5 0.492489603169
32 5 0.706812828353
40 5 1.0
48 5 1.0
1 6 0.1666
8 6 0.239101529141
16 6 0.343154509228
24 6 0.492489603169
32 6 0.706812828353
40 6 1.0
48 6 1.0
1 7 0.1666
8 7 0.239101529141
16 7 0.343154509228
24 7 0.492489603169
32 7 0.706812828353
40 7 1.0
48 7 1.0
1 8 0.3333
6 8 0.38491342914
12 8 0.444519495747
18 8 0.513355905874
24 8 0.592852031502
30 8 0.684658591113
36 8 0.79068192648
42 8 0.913123587401
48 8 1.0
1 9 0.3333
6 9 0.38491342914
12 9 0.444519495747
18 9 0.513355905874
24 9 0.592852031502
30 9 0.684658591113
36 9 0.79068192648
42 9 0.913123587401
48 9 1.0
1 10 0.3333
6 10 0.38491342914
12 10 0.444519495747
18 10 0.513355905874
24 10 0.592852031502
30 10 0.684658591113
36 10 0.79068192648
42 10 0.913123587401
48 10 1.0
1 11 0.3333
6 11 0.38491342914
12 11 0.444519495747
18 11 0.513355905874
24 11 0.592852031502
30 11 0.684658591113
36 11 0.79068192648
42 11 0.913123587401
48 11 1.0
1 12 0.5
5 12 0.595018899673
10 12 0.708094981935
15 12 0.84265979403
20 12 1.0
25 12 1.0
30 12 1.0
35 12 1.0
40 12 1.0
45 12 1.0
1 13 0.5
5 13 0.595018899673
10 13 0.708094981935
15 13 0.84265979403
20 13 1.0
25 13 1.0
30 13 1.0
35 13 1.0
40 13 1.0
45 13 1.0
1 14 0.5
5 14 0.595018899673
10 14 0.708094981935
15 14 0.84265979403
20 14 1.0
25 14 1.0
30 14 1.0
35 14 1.0
40 14 1.0
45 14 1.0
1 15 0.5
5 15 0.595018899673
10 15 0.708094981935
15 15 0.84265979403
20 15 1.0
25 15 1.0
30 15 1.0
35 15 1.0
40 15 1.0
45 15 1.0
1 16 0.666
3 16 0.727550845653
6 16 0.794790139655
9 16 0.868243600935
12 16 0.948485534674
15 16 1.0
18 16 1.0
21 16 1.0
24 16 1.0
27 16 1.0
30 16 1.0
33 16 1.0
36 16 1.0
39 16 1.0
42 16 1.0
45 16 1.0
48 16 1.0
1 17 0.666
3 17 0.727550845653
6 17 0.794790139655
9 17 0.868243600935
12 17 0.948485534674
15 17 1.0
18 17 1.0
21 17 1.0
24 17 1.0
27 17 1.0
30 17 1.0
33 17 1.0
36 17 1.0
39 17 1.0
42 17 1.0
45 17 1.0
48 17 1.0
1 18 0.666
3 18 0.727550845653
6 18 0.794790139655
9 18 0.868243600935
12 18 0.948485534674
15 18 1.0
18 18 1.0
21 18 1.0
24 18 1.0
27 18 1.0
30 18 1.0
33 18 1.0
36 18 1.0
39 18 1.0
42 18 1.0
45 18 1.0
48 18 1.0
1 19 0.666
3 19 0.727550845653
6 19 0.794790139655
9 19 0.868243600935
12 19 0.948485534674
15 19 1.0
18 19 1.0
21 19 1.0
24 19 1.0
27 19 1.0
30 19 1.0
33 19 1.0
36 19 1.0
39 19 1.0
42 19 1.0
45 19 1.0
48 19 1.0
1 20 0.83
2 20 0.857406891026
4 20 0.885718767204
6 20 0.91496551146
8 20 0.945177993466
10 20 0.976388102221
12 20 1.0
14 20 1.0
16 20 1.0
18 20 1.0
20 20 1.0
22 20 1.0
24 20 1.0
26 20 1.0
28 20 1.0
30 20 1.0
32 20 1.0
34 20 1.0
36 20 1.0
38 20 1.0
40 20 1.0
42 20 1.0
44 20 1.0
46 20 1.0
48 20 1.0
1 21 0.83
2 21 0.857406891026
4 21 0.885718767204
6 21 0.91496551146
8 21 0.945177993466
10 21 0.976388102221
12 21 1.0
14 21 1.0
16 21 1.0
18 21 1.0
20 21 1.0
22 21 1.0
24 21 1.0
26 21 1.0
28 21 1.0
30 21 1.0
32 21 1.0
34 21 1.0
36 21 1.0
38 21 1.0
40 21 1.0
42 21 1.0
44 21 1.0
46 21 1.0
48 21 1.0
1 22 0.83
2 22 0.857406891026
4 22 0.885718767204
6 22 0.91496551146
8 22 0.945177993466
10 22 0.976388102221
12 22 1.0
14 22 1.0
16 22 1.0
18 22 1.0
20 22 1.0
22 22 1.0
24 22 1.0
26 22 1.0
28 22 1.0
30 22 1.0
32 22 1.0
34 22 1.0
36 22 1.0
38 22 1.0
40 22 1.0
42 22 1.0
44 22 1.0
46 22 1.0
48 22 1.0
1 23 0.83
2 23 0.857406891026
4 23 0.885718767204
6 23 0.91496551146
8 23 0.945177993466
10 23 0.976388102221
12 23 1.0
14 23 1.0
16 23 1.0
18 23 1.0
20 23 1.0
22 23 1.0
24 23 1.0
26 23 1.0
28 23 1.0
30 23 1.0
32 23 1.0
34 23 1.0
36 23 1.0
38 23 1.0
40 23 1.0
42 23 1.0
44 23 1.0
46 23 1.0
48 23 1.0
;

param r:=
;
param NJ:=23;
param NK:=0;
param NI:=0;

param wdc:=0.33;
param wcc:=0.33;
param wic:=0.33;
param deltaIC:=
0 4 0.1
0 5 0.1
0 6 0.1
0 7 0.1
1 4 0.1
1 5 0.1
1 6 0.1
1 7 0.1
2 4 0.1
2 5 0.1
2 6 0.1
2 7 0.1
3 4 0.1
3 5 0.1
3 6 0.1
3 7 0.1
0 8 0.2
0 9 0.2
0 10 0.2
0 11 0.2
1 8 0.2
1 9 0.2
1 10 0.2
1 11 0.2
2 8 0.2
2 9 0.2
2 10 0.2
2 11 0.2
3 8 0.2
3 9 0.2
3 10 0.2
3 11 0.2
0 12 0.3
0 13 0.3
0 14 0.3
0 15 0.3
1 12 0.3
1 13 0.3
1 14 0.3
1 15 0.3
2 12 0.3
2 13 0.3
2 14 0.3
2 15 0.3
3 12 0.3
3 13 0.3
3 14 0.3
3 15 0.3
0 16 0.4
0 17 0.4
0 18 0.4
0 19 0.4
1 16 0.4
1 17 0.4
1 18 0.4
1 19 0.4
2 16 0.4
2 17 0.4
2 18 0.4
2 19 0.4
3 16 0.4
3 17 0.4
3 18 0.4
3 19 0.4
0 20 0.5
0 21 0.5
0 22 0.5
0 23 0.5
1 20 0.5
1 21 0.5
1 22 0.5
1 23 0.5
2 20 0.5
2 21 0.5
2 22 0.5
2 23 0.5
3 20 0.5
3 21 0.5
3 22 0.5
3 23 0.5
4 8 0.1
4 9 0.1
4 10 0.1
4 11 0.1
5 8 0.1
5 9 0.1
5 10 0.1
5 11 0.1
6 8 0.1
6 9 0.1
6 10 0.1
6 11 0.1
7 8 0.1
7 9 0.1
7 10 0.1
7 11 0.1
4 12 0.2
4 13 0.2
4 14 0.2
4 15 0.2
5 12 0.2
5 13 0.2
5 14 0.2
5 15 0.2
6 12 0.2
6 13 0.2
6 14 0.2
6 15 0.2
7 12 0.2
7 13 0.2
7 14 0.2
7 15 0.2
4 16 0.3
4 17 0.3
4 18 0.3
4 19 0.3
5 16 0.3
5 17 0.3
5 18 0.3
5 19 0.3
6 16 0.3
6 17 0.3
6 18 0.3
6 19 0.3
7 16 0.3
7 17 0.3
7 18 0.3
7 19 0.3
4 20 0.4
4 21 0.4
4 22 0.4
4 23 0.4
5 20 0.4
5 21 0.4
5 22 0.4
5 23 0.4
6 20 0.4
6 21 0.4
6 22 0.4
6 23 0.4
7 20 0.4
7 21 0.4
7 22 0.4
7 23 0.4
8 12 0.1
8 13 0.1
8 14 0.1
8 15 0.1
9 12 0.1
9 13 0.1
9 14 0.1
9 15 0.1
10 12 0.1
10 13 0.1
10 14 0.1
10 15 0.1
11 12 0.1
11 13 0.1
11 14 0.1
11 15 0.1
8 16 0.2
8 17 0.2
8 18 0.2
8 19 0.2
9 16 0.2
9 17 0.2
9 18 0.2
9 19 0.2
10 16 0.2
10 17 0.2
10 18 0.2
10 19 0.2
11 16 0.2
11 17 0.2
11 18 0.2
11 19 0.2
8 20 0.3
8 21 0.3
8 22 0.3
8 23 0.3
9 20 0.3
9 21 0.3
9 22 0.3
9 23 0.3
10 20 0.3
10 21 0.3
10 22 0.3
10 23 0.3
11 20 0.3
11 21 0.3
11 22 0.3
11 23 0.3
12 16 0.1
12 17 0.1
12 18 0.1
12 19 0.1
13 16 0.1
13 17 0.1
13 18 0.1
13 19 0.1
14 16 0.1
14 17 0.1
14 18 0.1
14 19 0.1
15 16 0.1
15 17 0.1
15 18 0.1
15 19 0.1
12 20 0.2
12 21 0.2
12 22 0.2
12 23 0.2
13 20 0.2
13 21 0.2
13 22 0.2
13 23 0.2
14 20 0.2
14 21 0.2
14 22 0.2
14 23 0.2
15 20 0.2
15 21 0.2
15 22 0.2
15 23 0.2
16 20 0.1
16 21 0.1
16 22 0.1
16 23 0.1
17 20 0.1
17 21 0.1
17 22 0.1
17 23 0.1
18 20 0.1
18 21 0.1
18 22 0.1
18 23 0.1
19 20 0.1
19 21 0.1
19 22 0.1
19 23 0.1
;
