param NJ := 2;
param NK := 1000;
param NI := 1000;
param wdc:=0.6;
param wic:=0.2;
param wcc:=0.2;

param r :=
1 0
2 0
3 2
4 1
5 2
6 2
7 2
8 1
9 0
10 0
11 1
12 2
13 0
14 0
15 0
16 0
17 0
18 0
19 1
20 2
21 0
22 2
23 1
24 1
25 0
26 2
27 1
28 1
29 0
30 1
31 1
32 1
33 2
34 0
35 2
36 2
37 2
38 2
39 0
40 0
41 0
42 2
43 1
44 1
45 0
46 0
47 2
48 0
49 2
50 2
51 0
52 1
53 0
54 1
55 1
56 1
57 1
58 0
59 1
60 2
61 2
62 0
63 2
64 0
65 0
66 1
67 2
68 1
69 0
70 0
71 0
72 1
73 2
74 0
75 0
76 2
77 2
78 0
79 0
80 1
81 2
82 1
83 0
84 0
85 0
86 2
87 0
88 2
89 0
90 2
91 1
92 0
93 1
94 0
95 0
96 2
97 1
98 0
99 1
100 0
101 0
102 0
103 2
104 0
105 2
106 0
107 1
108 2
109 2
110 1
111 1
112 0
113 0
114 2
115 0
116 2
117 1
118 1
119 1
120 2
121 1
122 2
123 1
124 0
125 0
126 2
127 1
128 2
129 2
130 2
131 1
132 1
133 2
134 0
135 2
136 0
137 0
138 0
139 2
140 1
141 1
142 2
143 2
144 2
145 2
146 2
147 2
148 1
149 0
150 1
151 0
152 0
153 2
154 1
155 0
156 2
157 1
158 2
159 1
160 2
161 1
162 2
163 0
164 1
165 0
166 0
167 0
168 0
169 2
170 2
171 0
172 0
173 2
174 2
175 0
176 1
177 2
178 0
179 2
180 2
181 2
182 0
183 0
184 2
185 2
186 2
187 1
188 2
189 1
190 1
191 2
192 0
193 2
194 0
195 1
196 1
197 1
198 1
199 0
200 0
201 2
202 1
203 0
204 2
205 1
206 0
207 2
208 1
209 0
210 0
211 1
212 0
213 0
214 2
215 1
216 2
217 0
218 1
219 2
220 2
221 0
222 1
223 2
224 2
225 2
226 2
227 1
228 0
229 2
230 0
231 1
232 0
233 2
234 0
235 2
236 1
237 2
238 2
239 0
240 1
241 2
242 1
243 1
244 1
245 2
246 0
247 2
248 2
249 1
250 0
251 0
252 2
253 1
254 0
255 1
256 1
257 2
258 1
259 2
260 2
261 2
262 0
263 2
264 1
265 0
266 1
267 1
268 2
269 2
270 1
271 1
272 2
273 2
274 1
275 2
276 0
277 2
278 1
279 0
280 0
281 0
282 2
283 1
284 0
285 1
286 0
287 1
288 1
289 0
290 1
291 2
292 2
293 2
294 1
295 0
296 0
297 2
298 2
299 1
300 1
301 2
302 2
303 1
304 2
305 0
306 0
307 1
308 2
309 2
310 2
311 2
312 2
313 1
314 1
315 1
316 1
317 1
318 1
319 0
320 0
321 2
322 1
323 2
324 2
325 2
326 2
327 0
328 2
329 2
330 0
331 2
332 1
333 2
334 2
335 2
336 1
337 0
338 1
339 1
340 1
341 0
342 1
343 1
344 2
345 0
346 0
347 1
348 0
349 2
350 2
351 1
352 0
353 0
354 0
355 0
356 1
357 1
358 1
359 1
360 2
361 2
362 2
363 1
364 1
365 1
366 0
367 0
368 1
369 2
370 2
371 1
372 0
373 2
374 1
375 0
376 2
377 2
378 2
379 2
380 1
381 0
382 2
383 2
384 0
385 0
386 1
387 0
388 1
389 1
390 0
391 2
392 0
393 2
394 2
395 1
396 2
397 2
398 0
399 1
400 0
401 1
402 1
403 2
404 1
405 1
406 2
407 1
408 2
409 0
410 1
411 1
412 2
413 1
414 2
415 2
416 1
417 1
418 0
419 1
420 0
421 2
422 2
423 0
424 2
425 1
426 2
427 0
428 0
429 0
430 2
431 1
432 0
433 2
434 0
435 2
436 1
437 0
438 1
439 0
440 2
441 1
442 0
443 2
444 0
445 2
446 0
447 2
448 2
449 0
450 2
451 1
452 2
453 2
454 1
455 1
456 2
457 0
458 0
459 2
460 2
461 0
462 1
463 0
464 2
465 1
466 1
467 1
468 1
469 2
470 1
471 0
472 0
473 2
474 1
475 2
476 0
477 1
478 1
479 0
480 1
481 0
482 1
483 0
484 1
485 1
486 0
487 2
488 0
489 0
490 0
491 0
492 1
493 1
494 1
495 2
496 2
497 0
498 2
499 0
500 1
501 1
502 0
503 2
504 0
505 2
506 0
507 2
508 0
509 2
510 1
511 1
512 2
513 0
514 0
515 0
516 0
517 1
518 2
519 1
520 0
521 1
522 1
523 2
524 2
525 2
526 1
527 2
528 0
529 1
530 2
531 1
532 2
533 0
534 2
535 1
536 2
537 0
538 1
539 0
540 1
541 2
542 1
543 1
544 2
545 1
546 0
547 1
548 1
549 1
550 2
551 2
552 1
553 2
554 0
555 0
556 2
557 0
558 2
559 0
560 1
561 0
562 1
563 1
564 0
565 2
566 1
567 1
568 1
569 1
570 0
571 0
572 1
573 0
574 1
575 0
576 0
577 2
578 2
579 2
580 1
581 0
582 1
583 2
584 2
585 0
586 0
587 1
588 0
589 1
590 2
591 1
592 2
593 1
594 2
595 1
596 2
597 0
598 2
599 0
600 1
601 2
602 2
603 1
604 0
605 1
606 1
607 2
608 1
609 1
610 0
611 1
612 2
613 2
614 1
615 2
616 1
617 2
618 1
619 2
620 2
621 1
622 0
623 1
624 1
625 1
626 1
627 0
628 1
629 1
630 1
631 0
632 1
633 0
634 1
635 0
636 1
637 2
638 0
639 1
640 1
641 0
642 0
643 1
644 2
645 0
646 1
647 1
648 0
649 0
650 2
651 1
652 0
653 1
654 1
655 0
656 1
657 0
658 2
659 1
660 0
661 2
662 1
663 2
664 2
665 2
666 2
667 2
668 1
669 1
670 2
671 0
672 1
673 1
674 2
675 0
676 1
677 0
678 0
679 2
680 1
681 0
682 1
683 0
684 2
685 2
686 2
687 2
688 2
689 0
690 2
691 1
692 1
693 0
694 2
695 0
696 2
697 0
698 2
699 1
700 2
701 2
702 2
703 0
704 0
705 2
706 0
707 2
708 0
709 1
710 0
711 1
712 0
713 0
714 1
715 0
716 0
717 0
718 2
719 1
720 2
721 1
722 1
723 0
724 1
725 2
726 2
727 2
728 1
729 2
730 2
731 2
732 2
733 0
734 2
735 1
736 0
737 1
738 1
739 2
740 2
741 0
742 1
743 2
744 2
745 1
746 0
747 2
748 0
749 0
750 2
751 1
752 2
753 0
754 2
755 2
756 2
757 2
758 0
759 2
760 2
761 1
762 1
763 2
764 2
765 1
766 0
767 1
768 0
769 2
770 1
771 2
772 1
773 2
774 1
775 2
776 2
777 1
778 2
779 2
780 1
781 0
782 2
783 2
784 1
785 1
786 0
787 1
788 2
789 0
790 0
791 1
792 1
793 1
794 2
795 1
796 0
797 0
798 1
799 0
800 1
801 2
802 2
803 0
804 0
805 2
806 0
807 1
808 1
809 2
810 2
811 2
812 2
813 0
814 1
815 0
816 0
817 2
818 1
819 0
820 2
821 0
822 0
823 2
824 2
825 2
826 2
827 2
828 1
829 1
830 0
831 1
832 0
833 2
834 2
835 0
836 0
837 1
838 0
839 0
840 1
841 0
842 0
843 2
844 0
845 2
846 0
847 1
848 0
849 0
850 1
851 0
852 2
853 0
854 2
855 0
856 2
857 2
858 0
859 2
860 1
861 2
862 1
863 0
864 0
865 2
866 1
867 2
868 2
869 0
870 2
871 2
872 0
873 2
874 0
875 1
876 1
877 1
878 2
879 1
880 1
881 0
882 1
883 2
884 1
885 2
886 1
887 2
888 2
889 0
890 0
891 2
892 2
893 0
894 0
895 0
896 2
897 1
898 0
899 1
900 0
901 0
902 2
903 2
904 2
905 1
906 1
907 1
908 1
909 2
910 1
911 2
912 0
913 2
914 1
915 2
916 1
917 0
918 0
919 2
920 0
921 0
922 1
923 1
924 2
925 1
926 1
927 0
928 1
929 2
930 2
931 2
932 1
933 0
934 2
935 0
936 2
937 0
938 2
939 0
940 2
941 2
942 0
943 1
944 0
945 0
946 1
947 2
948 1
949 2
950 0
951 0
952 0
953 0
954 0
955 1
956 0
957 0
958 0
959 0
960 2
961 1
962 2
963 2
964 0
965 2
966 0
967 0
968 1
969 1
970 2
971 2
972 0
973 0
974 1
975 2
976 2
977 2
978 2
979 2
980 1
981 0
982 0
983 0
984 2
985 1
986 0
987 1
988 0
989 1
990 2
991 0
992 2
993 2
994 2
995 0
996 1
997 2
998 0
999 1
1000 2
;

param deltadc :=
1 0 0.33
6 0 0.33
20 0 0.33
21 0 0.33
35 0 0.33
49 0 0.33
50 0 0.33
68 0 0.33
78 0 0.33
85 0 0.33
97 0 0.33
103 0 0.33
120 0 0.33
128 0 0.33
148 0 0.33
151 0 0.33
154 0 0.33
166 0 0.33
181 0 0.33
188 0 0.33
199 0 0.33
214 0 0.33
225 0 0.33
230 0 0.33
232 0 0.33
242 0 0.33
254 0 0.33
268 0 0.33
278 0 0.33
289 0 0.33
297 0 0.33
307 0 0.33
312 0 0.33
332 0 0.33
350 0 0.33
355 0 0.33
356 0 0.33
365 0 0.33
380 0 0.33
383 0 0.33
392 0 0.33
410 0 0.33
420 0 0.33
423 0 0.33
441 0 0.33
453 0 0.33
469 0 0.33
474 0 0.33
478 0 0.33
489 0 0.33
491 0 0.33
503 0 0.33
525 0 0.33
528 0 0.33
538 0 0.33
560 0 0.33
563 0 0.33
580 0 0.33
581 0 0.33
585 0 0.33
600 0 0.33
601 0 0.33
632 0 0.33
635 0 0.33
639 0 0.33
651 0 0.33
668 0 0.33
670 0 0.33
671 0 0.33
694 0 0.33
700 0 0.33
711 0 0.33
721 0 0.33
732 0 0.33
748 0 0.33
750 0 0.33
752 0 0.33
767 0 0.33
773 0 0.33
787 0 0.33
791 0 0.33
817 0 0.33
830 0 0.33
833 0 0.33
839 0 0.33
844 0 0.33
856 0 0.33
876 0 0.33
881 0 0.33
899 0 0.33
900 0 0.33
901 0 0.33
914 0 0.33
925 0 0.33
942 0 0.33
944 0 0.33
955 0 0.33
966 0 0.33
986 0 0.33
989 0 0.33
1 1 0.66
13 1 0.66
18 1 0.66
22 1 0.66
26 1 0.66
57 1 0.66
63 1 0.66
66 1 0.66
69 1 0.66
77 1 0.66
89 1 0.66
95 1 0.66
108 1 0.66
116 1 0.66
131 1 0.66
134 1 0.66
144 1 0.66
152 1 0.66
161 1 0.66
170 1 0.66
179 1 0.66
184 1 0.66
193 1 0.66
212 1 0.66
216 1 0.66
217 1 0.66
230 1 0.66
247 1 0.66
252 1 0.66
259 1 0.66
270 1 0.66
290 1 0.66
292 1 0.66
297 1 0.66
298 1 0.66
315 1 0.66
325 1 0.66
330 1 0.66
341 1 0.66
342 1 0.66
359 1 0.66
368 1 0.66
394 1 0.66
397 1 0.66
402 1 0.66
405 1 0.66
413 1 0.66
417 1 0.66
427 1 0.66
441 1 0.66
450 1 0.66
458 1 0.66
472 1 0.66
477 1 0.66
492 1 0.66
494 1 0.66
502 1 0.66
510 1 0.66
524 1 0.66
533 1 0.66
552 1 0.66
555 1 0.66
558 1 0.66
575 1 0.66
577 1 0.66
585 1 0.66
594 1 0.66
599 1 0.66
612 1 0.66
614 1 0.66
644 1 0.66
647 1 0.66
649 1 0.66
656 1 0.66
669 1 0.66
677 1 0.66
689 1 0.66
704 1 0.66
705 1 0.66
711 1 0.66
715 1 0.66
731 1 0.66
733 1 0.66
744 1 0.66
763 1 0.66
767 1 0.66
772 1 0.66
780 1 0.66
786 1 0.66
801 1 0.66
816 1 0.66
821 1 0.66
828 1 0.66
845 1 0.66
849 1 0.66
857 1 0.66
869 1 0.66
877 1 0.66
891 1 0.66
893 1 0.66
917 1 0.66
920 1 0.66
922 1 0.66
924 1 0.66
937 1 0.66
944 1 0.66
954 1 0.66
965 1 0.66
968 1 0.66
980 1 0.66
981 1 0.66
999 1 0.66
1 2 1.0
14 2 1.0
17 2 1.0
21 2 1.0
22 2 1.0
26 2 1.0
35 2 1.0
39 2 1.0
55 2 1.0
61 2 1.0
62 2 1.0
63 2 1.0
70 2 1.0
78 2 1.0
81 2 1.0
86 2 1
87 2 1.0
93 2 1.0
102 2 1.0
114 2 1.0
119 2 1.0
121 2 1.0
123 2 1.0
141 2 1.0
152 2 1.0
156 2 1.0
162 2 1
163 2 1.0
171 2 1.0
172 2 1.0
178 2 1.0
183 2 1.0
190 2 1.0
201 2 1.0
203 2 1.0
209 2 1.0
215 2 1.0
222 2 1.0
228 2 1
230 2 1.0
236 2 1.0
237 2 1.0
250 2 1.0
259 2 1.0
267 2 1.0
268 2 1.0
273 2 1.0
280 2 1.0
286 2 1.0
292 2 1.0
303 2 1.0
306 2 1
310 2 1
312 2 1.0
319 2 1.0
325 2 1.0
328 2 1.0
338 2 1.0
349 2 1.0
360 2 1
363 2 1.0
369 2 1.0
374 2 1.0
378 2 1
382 2 1.0
388 2 1.0
395 2 1.0
402 2 1.0
413 2 1.0
414 2 1.0
423 2 1.0
426 2 1.0
432 2 1.0
435 2 1.0
437 2 1.0
453 2 1.0
460 2 1.0
464 2 1.0
478 2 1.0
479 2 1.0
480 2 1.0
491 2 1.0
492 2 1.0
496 2 1.0
506 2 1.0
516 2 1
517 2 1.0
521 2 1.0
527 2 1.0
528 2 1.0
532 2 1.0
546 2 1.0
552 2 1.0
554 2 1.0
557 2 1.0
572 2 1.0
576 2 1.0
577 2 1.0
585 2 1.0
586 2 1.0
592 2 1.0
606 2 1.0
608 2 1.0
618 2 1
621 2 1.0
631 2 1.0
633 2 1.0
639 2 1.0
643 2 1.0
646 2 1.0
654 2 1.0
656 2 1.0
664 2 1.0
671 2 1.0
682 2 1.0
686 2 1.0
689 2 1.0
705 2 1.0
711 2 1.0
716 2 1.0
718 2 1
720 2 1
737 2 1.0
739 2 1.0
744 2 1.0
749 2 1.0
754 2 1
769 2 1.0
772 2 1.0
773 2 1.0
774 2 1.0
780 2 1.0
790 2 1.0
794 2 1.0
795 2 1.0
804 2 1.0
813 2 1.0
821 2 1.0
822 2 1.0
831 2 1.0
832 2 1.0
839 2 1.0
854 2 1.0
858 2 1.0
859 2 1.0
865 2 1.0
869 2 1.0
877 2 1.0
878 2 1.0
898 2 1.0
900 2 1.0
909 2 1.0
910 2 1.0
915 2 1.0
916 2 1.0
927 2 1.0
939 2 1.0
947 2 1
950 2 1.0
954 2 1.0
963 2 1.0
966 2 1.0
967 2 1.0
976 2 1.0
983 2 1.0
987 2 1.0
995 2 1.0
;


param deltaIC :=
0 1 0.33
0 2 0.66
1 2 0.33;

param deltacc :=
1 0 0.33
6 0 0.33
20 0 0.33
21 0 0.33
35 0 0.33
49 0 0.33
50 0 0.33
68 0 0.33
78 0 0.33
85 0 0.33
97 0 0.33
103 0 0.33
120 0 0.33
128 0 0.33
148 0 0.33
151 0 0.33
154 0 0.33
166 0 0.33
181 0 0.33
188 0 0.33
199 0 0.33
214 0 0.33
225 0 0.33
230 0 0.33
232 0 0.33
242 0 0.33
254 0 0.33
268 0 0.33
278 0 0.33
289 0 0.33
297 0 0.33
307 0 0.33
312 0 0.33
332 0 0.33
350 0 0.33
355 0 0.33
356 0 0.33
365 0 0.33
380 0 0.33
383 0 0.33
392 0 0.33
410 0 0.33
420 0 0.33
423 0 0.33
441 0 0.33
453 0 0.33
469 0 0.33
474 0 0.33
478 0 0.33
489 0 0.33
491 0 0.33
503 0 0.33
525 0 0.33
528 0 0.33
538 0 0.33
560 0 0.33
563 0 0.33
580 0 0.33
581 0 0.33
585 0 0.33
600 0 0.33
601 0 0.33
632 0 0.33
635 0 0.33
639 0 0.33
651 0 0.33
668 0 0.33
670 0 0.33
671 0 0.33
694 0 0.33
700 0 0.33
711 0 0.33
721 0 0.33
732 0 0.33
748 0 0.33
750 0 0.33
752 0 0.33
767 0 0.33
773 0 0.33
787 0 0.33
791 0 0.33
817 0 0.33
830 0 0.33
833 0 0.33
839 0 0.33
844 0 0.33
856 0 0.33
876 0 0.33
881 0 0.33
899 0 0.33
900 0 0.33
901 0 0.33
914 0 0.33
925 0 0.33
942 0 0.33
944 0 0.33
955 0 0.33
966 0 0.33
986 0 0.33
989 0 0.33
1 1 0.66
13 1 0.66
18 1 0.66
22 1 0.66
26 1 0.66
57 1 0.66
63 1 0.66
66 1 0.66
69 1 0.66
77 1 0.66
89 1 0.66
95 1 0.66
108 1 0.66
116 1 0.66
131 1 0.66
134 1 0.66
144 1 0.66
152 1 0.66
161 1 0.66
170 1 0.66
179 1 0.66
184 1 0.66
193 1 0.66
212 1 0.66
216 1 0.66
217 1 0.66
230 1 0.66
247 1 0.66
252 1 0.66
259 1 0.66
270 1 0.66
290 1 0.66
292 1 0.66
297 1 0.66
298 1 0.66
315 1 0.66
325 1 0.66
330 1 0.66
341 1 0.66
342 1 0.66
359 1 0.66
368 1 0.66
394 1 0.66
397 1 0.66
402 1 0.66
405 1 0.66
413 1 0.66
417 1 0.66
427 1 0.66
441 1 0.66
450 1 0.66
458 1 0.66
472 1 0.66
477 1 0.66
492 1 0.66
494 1 0.66
502 1 0.66
510 1 0.66
524 1 0.66
533 1 0.66
552 1 0.66
555 1 0.66
558 1 0.66
575 1 0.66
577 1 0.66
585 1 0.66
594 1 0.66
599 1 0.66
612 1 0.66
614 1 0.66
644 1 0.66
647 1 0.66
649 1 0.66
656 1 0.66
669 1 0.66
677 1 0.66
689 1 0.66
704 1 0.66
705 1 0.66
711 1 0.66
715 1 0.66
731 1 0.66
733 1 0.66
744 1 0.66
763 1 0.66
767 1 0.66
772 1 0.66
780 1 0.66
786 1 0.66
801 1 0.66
816 1 0.66
821 1 0.66
828 1 0.66
845 1 0.66
849 1 0.66
857 1 0.66
869 1 0.66
877 1 0.66
891 1 0.66
893 1 0.66
917 1 0.66
920 1 0.66
922 1 0.66
924 1 0.66
937 1 0.66
944 1 0.66
954 1 0.66
965 1 0.66
968 1 0.66
980 1 0.66
981 1 0.66
999 1 0.66
1 2 1.0
14 2 1.0
17 2 1.0
21 2 1.0
22 2 1.0
26 2 1.0
35 2 1.0
39 2 1.0
55 2 1.0
61 2 1.0
62 2 1.0
63 2 1.0
70 2 1.0
78 2 1.0
81 2 1.0
86 2 1
87 2 1.0
93 2 1.0
102 2 1.0
114 2 1.0
119 2 1.0
121 2 1.0
123 2 1.0
141 2 1.0
152 2 1.0
156 2 1.0
162 2 1
163 2 1.0
171 2 1.0
172 2 1.0
178 2 1.0
183 2 1.0
190 2 1.0
201 2 1.0
203 2 1.0
209 2 1.0
215 2 1.0
222 2 1.0
228 2 1
230 2 1.0
236 2 1.0
237 2 1.0
250 2 1.0
259 2 1.0
267 2 1.0
268 2 1.0
273 2 1.0
280 2 1.0
286 2 1.0
292 2 1.0
303 2 1.0
306 2 1
310 2 1
312 2 1.0
319 2 1.0
325 2 1.0
328 2 1.0
338 2 1.0
349 2 1.0
360 2 1
363 2 1.0
369 2 1.0
374 2 1.0
378 2 1
382 2 1.0
388 2 1.0
395 2 1.0
402 2 1.0
413 2 1.0
414 2 1.0
423 2 1.0
426 2 1.0
432 2 1.0
435 2 1.0
437 2 1.0
453 2 1.0
460 2 1.0
464 2 1.0
478 2 1.0
479 2 1.0
480 2 1.0
491 2 1.0
492 2 1.0
496 2 1.0
506 2 1.0
516 2 1
517 2 1.0
521 2 1.0
527 2 1.0
528 2 1.0
532 2 1.0
546 2 1.0
552 2 1.0
554 2 1.0
557 2 1.0
572 2 1.0
576 2 1.0
577 2 1.0
585 2 1.0
586 2 1.0
592 2 1.0
606 2 1.0
608 2 1.0
618 2 1
621 2 1.0
631 2 1.0
633 2 1.0
639 2 1.0
643 2 1.0
646 2 1.0
654 2 1.0
656 2 1.0
664 2 1.0
671 2 1.0
682 2 1.0
686 2 1.0
689 2 1.0
705 2 1.0
711 2 1.0
716 2 1.0
718 2 1
720 2 1
737 2 1.0
739 2 1.0
744 2 1.0
749 2 1.0
754 2 1
769 2 1.0
772 2 1.0
773 2 1.0
774 2 1.0
780 2 1.0
790 2 1.0
794 2 1.0
795 2 1.0
804 2 1.0
813 2 1.0
821 2 1.0
822 2 1.0
831 2 1.0
832 2 1.0
839 2 1.0
854 2 1.0
858 2 1.0
859 2 1.0
865 2 1.0
869 2 1.0
877 2 1.0
878 2 1.0
898 2 1.0
900 2 1.0
909 2 1.0
910 2 1.0
915 2 1.0
916 2 1.0
927 2 1.0
939 2 1.0
947 2 1
950 2 1.0
954 2 1.0
963 2 1.0
966 2 1.0
967 2 1.0
976 2 1.0
983 2 1.0
987 2 1.0
995 2 1.0
;

