#-----------------
#f2
param deltadc:=
1 0 0.166
2 0 0.166
3 0 0.166
4 0 0.166
5 0 0.166
6 0 0.166
7 0 0.166
8 0 0.166
9 0 0.166
10 0 0.166
11 0 0.166
12 0 0.166
13 0 0.166
14 0 0.166
15 0 0.166
16 0 0.166
17 0 0.166
18 0 0.166
19 0 0.166
20 0 0.166
21 0 0.166
1 1 0.166
2 1 0.166
3 1 0.166
4 1 0.166
5 1 0.166
6 1 0.166
7 1 0.166
8 1 0.166
9 1 0.166
10 1 0.166
11 1 0.166
12 1 0.166
13 1 0.166
14 1 0.166
15 1 0.166
16 1 0.166
17 1 0.166
18 1 0.166
19 1 0.166
20 1 0.166
21 1 0.166
1 2 0.166
2 2 0.166
3 2 0.166
4 2 0.166
5 2 0.166
6 2 0.166
7 2 0.166
8 2 0.166
9 2 0.166
10 2 0.166
11 2 0.166
12 2 0.166
13 2 0.166
14 2 0.166
15 2 0.166
16 2 0.166
17 2 0.166
18 2 0.166
19 2 0.166
20 2 0.166
21 2 0.166
1 3 0.333
12 3 0.333
1 4 0.333
12 4 0.333
1 5 0.333
12 5 0.333
1 6 0.5
12 6 0.5
1 7 0.5
12 7 0.5
1 8 0.5
12 8 0.5
1 9 0.666
5 9 0.666
10 9 0.666
15 9 0.666
20 9 0.666
1 10 0.666
5 10 0.666
10 10 0.666
15 10 0.666
20 10 0.666
1 11 0.666
5 11 0.666
10 11 0.666
15 11 0.666
20 11 0.666
1 12 0.83
2 12 0.83
4 12 0.83
6 12 0.83
8 12 0.83
10 12 0.83
12 12 0.83
14 12 0.83
16 12 0.83
18 12 0.83
20 12 0.83
1 13 0.83
2 13 0.83
4 13 0.83
6 13 0.83
8 13 0.83
10 13 0.83
12 13 0.83
14 13 0.83
16 13 0.83
18 13 0.83
20 13 0.83
1 14 0.83
2 14 0.83
4 14 0.83
6 14 0.83
8 14 0.83
10 14 0.83
12 14 0.83
14 14 0.83
16 14 0.83
18 14 0.83
20 14 0.83
1 15 1.0
2 15 1.0
4 15 1.0
6 15 1.0
8 15 1.0
10 15 1.0
12 15 1.0
14 15 1.0
16 15 1.0
18 15 1.0
20 15 1.0
1 16 1.0
2 16 1.0
4 16 1.0
6 16 1.0
8 16 1.0
10 16 1.0
12 16 1.0
14 16 1.0
16 16 1.0
18 16 1.0
20 16 1.0
1 17 1.0
2 17 1.0
4 17 1.0
6 17 1.0
8 17 1.0
10 17 1.0
12 17 1.0
14 17 1.0
16 17 1.0
18 17 1.0
20 17 1.0
;

#-----------------
#f2
param deltacc:=
1 3 0.1666
8 3 0.239101529141
16 3 0.343154509228
1 4 0.1666
8 4 0.239101529141
16 4 0.343154509228
1 5 0.1666
8 5 0.239101529141
16 5 0.343154509228
1 6 0.3333
6 6 0.38491342914
12 6 0.444519495747
18 6 0.513355905874
1 7 0.3333
6 7 0.38491342914
12 7 0.444519495747
18 7 0.513355905874
1 8 0.3333
6 8 0.38491342914
12 8 0.444519495747
18 8 0.513355905874
1 9 0.5
5 9 0.595018899673
10 9 0.708094981935
15 9 0.84265979403
20 9 1.0
1 10 0.5
5 10 0.595018899673
10 10 0.708094981935
15 10 0.84265979403
20 10 1.0
1 11 0.5
5 11 0.595018899673
10 11 0.708094981935
15 11 0.84265979403
20 11 1.0
1 12 0.666
3 12 0.727550845653
6 12 0.794790139655
9 12 0.868243600935
12 12 0.948485534674
15 12 1.0
18 12 1.0
1 13 0.666
3 13 0.727550845653
6 13 0.794790139655
9 13 0.868243600935
12 13 0.948485534674
15 13 1.0
18 13 1.0
1 14 0.666
3 14 0.727550845653
6 14 0.794790139655
9 14 0.868243600935
12 14 0.948485534674
15 14 1.0
18 14 1.0
1 15 0.83
2 15 0.857406891026
4 15 0.885718767204
6 15 0.91496551146
8 15 0.945177993466
10 15 0.976388102221
12 15 1.0
14 15 1.0
16 15 1.0
18 15 1.0
20 15 1.0
1 16 0.83
2 16 0.857406891026
4 16 0.885718767204
6 16 0.91496551146
8 16 0.945177993466
10 16 0.976388102221
12 16 1.0
14 16 1.0
16 16 1.0
18 16 1.0
20 16 1.0
1 17 0.83
2 17 0.857406891026
4 17 0.885718767204
6 17 0.91496551146
8 17 0.945177993466
10 17 0.976388102221
12 17 1.0
14 17 1.0
16 17 1.0
18 17 1.0
20 17 1.0
;

param r:=
1 12
2 6
3 0
4 3
5 3
6 0
7 6
8 0
9 9
10 12
11 0
12 0
13 12
14 9
15 6
16 6
17 12
18 6
19 15
20 15
21 12
;
param NJ:=17;
param NK:=21;
param NI:=21;

param wdc:=0.6;
param wcc:=0.3;
param wic:=0.1;
param deltaIC:=
0 3 0.1
0 4 0.1
0 5 0.1
1 3 0.1
1 4 0.1
1 5 0.1
2 3 0.1
2 4 0.1
2 5 0.1
0 6 0.2
0 7 0.2
0 8 0.2
1 6 0.2
1 7 0.2
1 8 0.2
2 6 0.2
2 7 0.2
2 8 0.2
0 9 0.3
0 10 0.3
0 11 0.3
1 9 0.3
1 10 0.3
1 11 0.3
2 9 0.3
2 10 0.3
2 11 0.3
0 12 0.4
0 13 0.4
0 14 0.4
1 12 0.4
1 13 0.4
1 14 0.4
2 12 0.4
2 13 0.4
2 14 0.4
0 15 0.5
0 16 0.5
0 17 0.5
1 15 0.5
1 16 0.5
1 17 0.5
2 15 0.5
2 16 0.5
2 17 0.5
3 6 0.1
3 7 0.1
3 8 0.1
4 6 0.1
4 7 0.1
4 8 0.1
5 6 0.1
5 7 0.1
5 8 0.1
3 9 0.2
3 10 0.2
3 11 0.2
4 9 0.2
4 10 0.2
4 11 0.2
5 9 0.2
5 10 0.2
5 11 0.2
3 12 0.3
3 13 0.3
3 14 0.3
4 12 0.3
4 13 0.3
4 14 0.3
5 12 0.3
5 13 0.3
5 14 0.3
3 15 0.4
3 16 0.4
3 17 0.4
4 15 0.4
4 16 0.4
4 17 0.4
5 15 0.4
5 16 0.4
5 17 0.4
6 9 0.1
6 10 0.1
6 11 0.1
7 9 0.1
7 10 0.1
7 11 0.1
8 9 0.1
8 10 0.1
8 11 0.1
6 12 0.2
6 13 0.2
6 14 0.2
7 12 0.2
7 13 0.2
7 14 0.2
8 12 0.2
8 13 0.2
8 14 0.2
6 15 0.3
6 16 0.3
6 17 0.3
7 15 0.3
7 16 0.3
7 17 0.3
8 15 0.3
8 16 0.3
8 17 0.3
9 12 0.1
9 13 0.1
9 14 0.1
10 12 0.1
10 13 0.1
10 14 0.1
11 12 0.1
11 13 0.1
11 14 0.1
9 15 0.2
9 16 0.2
9 17 0.2
10 15 0.2
10 16 0.2
10 17 0.2
11 15 0.2
11 16 0.2
11 17 0.2
12 15 0.1
12 16 0.1
12 17 0.1
13 15 0.1
13 16 0.1
13 17 0.1
14 15 0.1
14 16 0.1
14 17 0.1
;
