#-----------------
#f5
param deltadc:=
1 0 0.166
2 0 0.166
3 0 0.166
4 0 0.166
5 0 0.166
6 0 0.166
1 1 0.166
2 1 0.166
3 1 0.166
4 1 0.166
5 1 0.166
6 1 0.166
1 2 0.166
2 2 0.166
3 2 0.166
4 2 0.166
5 2 0.166
6 2 0.166
1 3 0.333
1 4 0.333
1 5 0.333
1 6 0.5
1 7 0.5
1 8 0.5
1 9 0.666
5 9 0.666
1 10 0.666
5 10 0.666
1 11 0.666
5 11 0.666
1 12 0.83
2 12 0.83
4 12 0.83
6 12 0.83
1 13 0.83
2 13 0.83
4 13 0.83
6 13 0.83
1 14 0.83
2 14 0.83
4 14 0.83
6 14 0.83
1 15 1.0
2 15 1.0
4 15 1.0
6 15 1.0
1 16 1.0
2 16 1.0
4 16 1.0
6 16 1.0
1 17 1.0
2 17 1.0
4 17 1.0
6 17 1.0
;

#-----------------
#f5
param deltacc:=
1 3 0.1666
1 4 0.1666
1 5 0.1666
1 6 0.3333
1 7 0.3333
1 8 0.3333
1 9 0.5
5 9 0.595018899673
1 10 0.5
5 10 0.595018899673
1 11 0.5
5 11 0.595018899673
1 12 0.666
3 12 0.727550845653
1 13 0.666
3 13 0.727550845653
1 14 0.666
3 14 0.727550845653
1 15 0.83
2 15 0.857406891026
4 15 0.885718767204
1 16 0.83
2 16 0.857406891026
4 16 0.885718767204
1 17 0.83
2 17 0.857406891026
4 17 0.885718767204
;

param r:=
1 3
2 9
3 12
4 0
5 9
6 9
;
param NJ:=17;
param NK:=6;
param NI:=6;

param wdc:=0.6;
param wcc:=0.3;
param wic:=0.1;
param deltaIC:=
0 3 0.1
0 4 0.1
0 5 0.1
1 3 0.1
1 4 0.1
1 5 0.1
2 3 0.1
2 4 0.1
2 5 0.1
0 6 0.2
0 7 0.2
0 8 0.2
1 6 0.2
1 7 0.2
1 8 0.2
2 6 0.2
2 7 0.2
2 8 0.2
0 9 0.3
0 10 0.3
0 11 0.3
1 9 0.3
1 10 0.3
1 11 0.3
2 9 0.3
2 10 0.3
2 11 0.3
0 12 0.4
0 13 0.4
0 14 0.4
1 12 0.4
1 13 0.4
1 14 0.4
2 12 0.4
2 13 0.4
2 14 0.4
0 15 0.5
0 16 0.5
0 17 0.5
1 15 0.5
1 16 0.5
1 17 0.5
2 15 0.5
2 16 0.5
2 17 0.5
3 6 0.1
3 7 0.1
3 8 0.1
4 6 0.1
4 7 0.1
4 8 0.1
5 6 0.1
5 7 0.1
5 8 0.1
3 9 0.2
3 10 0.2
3 11 0.2
4 9 0.2
4 10 0.2
4 11 0.2
5 9 0.2
5 10 0.2
5 11 0.2
3 12 0.3
3 13 0.3
3 14 0.3
4 12 0.3
4 13 0.3
4 14 0.3
5 12 0.3
5 13 0.3
5 14 0.3
3 15 0.4
3 16 0.4
3 17 0.4
4 15 0.4
4 16 0.4
4 17 0.4
5 15 0.4
5 16 0.4
5 17 0.4
6 9 0.1
6 10 0.1
6 11 0.1
7 9 0.1
7 10 0.1
7 11 0.1
8 9 0.1
8 10 0.1
8 11 0.1
6 12 0.2
6 13 0.2
6 14 0.2
7 12 0.2
7 13 0.2
7 14 0.2
8 12 0.2
8 13 0.2
8 14 0.2
6 15 0.3
6 16 0.3
6 17 0.3
7 15 0.3
7 16 0.3
7 17 0.3
8 15 0.3
8 16 0.3
8 17 0.3
9 12 0.1
9 13 0.1
9 14 0.1
10 12 0.1
10 13 0.1
10 14 0.1
11 12 0.1
11 13 0.1
11 14 0.1
9 15 0.2
9 16 0.2
9 17 0.2
10 15 0.2
10 16 0.2
10 17 0.2
11 15 0.2
11 16 0.2
11 17 0.2
12 15 0.1
12 16 0.1
12 17 0.1
13 15 0.1
13 16 0.1
13 17 0.1
14 15 0.1
14 16 0.1
14 17 0.1
;
