#-----------------
#f1
param deltadc:=
1 0 0.1
3 0 0.1
6 0 0.1
9 0 0.1
12 0 0.1
15 0 0.1
1 1 0.1
3 1 0.1
6 1 0.1
9 1 0.1
12 1 0.1
15 1 0.1
1 2 0.1
3 2 0.1
6 2 0.1
9 2 0.1
12 2 0.1
15 2 0.1
1 3 0.1
3 3 0.1
6 3 0.1
9 3 0.1
12 3 0.1
15 3 0.1
1 4 0.2
1 5 0.2
1 6 0.2
1 7 0.2
1 8 0.3
1 9 0.3
1 10 0.3
1 11 0.3
1 12 0.6
10 12 0.6
1 13 0.6
10 13 0.6
1 14 0.6
10 14 0.6
1 15 0.6
10 15 0.6
1 16 0.9
5 16 0.9
10 16 0.9
15 16 0.9
1 17 0.9
5 17 0.9
10 17 0.9
15 17 0.9
1 18 0.9
5 18 0.9
10 18 0.9
15 18 0.9
1 19 0.9
5 19 0.9
10 19 0.9
15 19 0.9
1 20 1.0
4 20 1.0
8 20 1.0
12 20 1.0
16 20 1.0
1 21 1.0
4 21 1.0
8 21 1.0
12 21 1.0
16 21 1.0
1 22 1.0
4 22 1.0
8 22 1.0
12 22 1.0
16 22 1.0
1 23 1.0
4 23 1.0
8 23 1.0
12 23 1.0
16 23 1.0
;

#-----------------
#f1
param deltacc:=
1 4 0.4
8 4 0.4
16 4 0.4
1 5 0.4
8 5 0.4
16 5 0.4
1 6 0.4
8 6 0.4
16 6 0.4
1 7 0.4
8 7 0.4
16 7 0.4
1 8 0.5
8 8 0.5
16 8 0.5
1 9 0.5
8 9 0.5
16 9 0.5
1 10 0.5
8 10 0.5
16 10 0.5
1 11 0.5
8 11 0.5
16 11 0.5
1 12 0.6
4 12 0.6
8 12 0.895469274128
12 12 0.895469274128
16 12 1.0
1 13 0.6
4 13 0.6
8 13 0.895469274128
12 13 0.895469274128
16 13 1.0
1 14 0.6
4 14 0.6
8 14 0.895469274128
12 14 0.895469274128
16 14 1.0
1 15 0.6
4 15 0.6
8 15 0.895469274128
12 15 0.895469274128
16 15 1.0
1 16 0.7
4 16 0.7
8 16 0.7
12 16 0.866858607115
16 16 0.866858607115
1 17 0.7
4 17 0.7
8 17 0.7
12 17 0.866858607115
16 17 0.866858607115
1 18 0.7
4 18 0.7
8 18 0.7
12 18 0.866858607115
16 18 0.866858607115
1 19 0.7
4 19 0.7
8 19 0.7
12 19 0.866858607115
16 19 0.866858607115
1 20 0.8
4 20 0.8
8 20 0.8
12 20 0.8
16 20 0.997917361502
1 21 0.8
4 21 0.8
8 21 0.8
12 21 0.8
16 21 0.997917361502
1 22 0.8
4 22 0.8
8 22 0.8
12 22 0.8
16 22 0.997917361502
1 23 0.8
4 23 0.8
8 23 0.8
12 23 0.8
16 23 0.997917361502
;

param r:=
1 0
2 20
3 0
4 20
5 16
6 8
7 20
8 16
9 4
10 0
11 20
12 8
13 16
14 16
15 16
16 4
17 12
;
param NJ:=23;
param NK:=17;
param NI:=17;

param wdc:=0.1;
param wcc:=0.3;
param wic:=0.6;
param deltaIC:=
0 4 0.1
0 5 0.1
0 6 0.1
0 7 0.1
1 4 0.1
1 5 0.1
1 6 0.1
1 7 0.1
2 4 0.1
2 5 0.1
2 6 0.1
2 7 0.1
3 4 0.1
3 5 0.1
3 6 0.1
3 7 0.1
0 8 0.2
0 9 0.2
0 10 0.2
0 11 0.2
1 8 0.2
1 9 0.2
1 10 0.2
1 11 0.2
2 8 0.2
2 9 0.2
2 10 0.2
2 11 0.2
3 8 0.2
3 9 0.2
3 10 0.2
3 11 0.2
0 12 0.3
0 13 0.3
0 14 0.3
0 15 0.3
1 12 0.3
1 13 0.3
1 14 0.3
1 15 0.3
2 12 0.3
2 13 0.3
2 14 0.3
2 15 0.3
3 12 0.3
3 13 0.3
3 14 0.3
3 15 0.3
0 16 0.4
0 17 0.4
0 18 0.4
0 19 0.4
1 16 0.4
1 17 0.4
1 18 0.4
1 19 0.4
2 16 0.4
2 17 0.4
2 18 0.4
2 19 0.4
3 16 0.4
3 17 0.4
3 18 0.4
3 19 0.4
0 20 0.5
0 21 0.5
0 22 0.5
0 23 0.5
1 20 0.5
1 21 0.5
1 22 0.5
1 23 0.5
2 20 0.5
2 21 0.5
2 22 0.5
2 23 0.5
3 20 0.5
3 21 0.5
3 22 0.5
3 23 0.5
4 8 0.1
4 9 0.1
4 10 0.1
4 11 0.1
5 8 0.1
5 9 0.1
5 10 0.1
5 11 0.1
6 8 0.1
6 9 0.1
6 10 0.1
6 11 0.1
7 8 0.1
7 9 0.1
7 10 0.1
7 11 0.1
4 12 0.2
4 13 0.2
4 14 0.2
4 15 0.2
5 12 0.2
5 13 0.2
5 14 0.2
5 15 0.2
6 12 0.2
6 13 0.2
6 14 0.2
6 15 0.2
7 12 0.2
7 13 0.2
7 14 0.2
7 15 0.2
4 16 0.3
4 17 0.3
4 18 0.3
4 19 0.3
5 16 0.3
5 17 0.3
5 18 0.3
5 19 0.3
6 16 0.3
6 17 0.3
6 18 0.3
6 19 0.3
7 16 0.3
7 17 0.3
7 18 0.3
7 19 0.3
4 20 0.4
4 21 0.4
4 22 0.4
4 23 0.4
5 20 0.4
5 21 0.4
5 22 0.4
5 23 0.4
6 20 0.4
6 21 0.4
6 22 0.4
6 23 0.4
7 20 0.4
7 21 0.4
7 22 0.4
7 23 0.4
8 12 0.1
8 13 0.1
8 14 0.1
8 15 0.1
9 12 0.1
9 13 0.1
9 14 0.1
9 15 0.1
10 12 0.1
10 13 0.1
10 14 0.1
10 15 0.1
11 12 0.1
11 13 0.1
11 14 0.1
11 15 0.1
8 16 0.2
8 17 0.2
8 18 0.2
8 19 0.2
9 16 0.2
9 17 0.2
9 18 0.2
9 19 0.2
10 16 0.2
10 17 0.2
10 18 0.2
10 19 0.2
11 16 0.2
11 17 0.2
11 18 0.2
11 19 0.2
8 20 0.3
8 21 0.3
8 22 0.3
8 23 0.3
9 20 0.3
9 21 0.3
9 22 0.3
9 23 0.3
10 20 0.3
10 21 0.3
10 22 0.3
10 23 0.3
11 20 0.3
11 21 0.3
11 22 0.3
11 23 0.3
12 16 0.1
12 17 0.1
12 18 0.1
12 19 0.1
13 16 0.1
13 17 0.1
13 18 0.1
13 19 0.1
14 16 0.1
14 17 0.1
14 18 0.1
14 19 0.1
15 16 0.1
15 17 0.1
15 18 0.1
15 19 0.1
12 20 0.2
12 21 0.2
12 22 0.2
12 23 0.2
13 20 0.2
13 21 0.2
13 22 0.2
13 23 0.2
14 20 0.2
14 21 0.2
14 22 0.2
14 23 0.2
15 20 0.2
15 21 0.2
15 22 0.2
15 23 0.2
16 20 0.1
16 21 0.1
16 22 0.1
16 23 0.1
17 20 0.1
17 21 0.1
17 22 0.1
17 23 0.1
18 20 0.1
18 21 0.1
18 22 0.1
18 23 0.1
19 20 0.1
19 21 0.1
19 22 0.1
19 23 0.1
;
