#-----------------
#f1
param deltadc:=
1 0 0.1
3 0 0.1
6 0 0.1
9 0 0.1
12 0 0.1
15 0 0.1
18 0 0.1
21 0 0.1
24 0 0.1
27 0 0.1
30 0 0.1
33 0 0.1
36 0 0.1
39 0 0.1
42 0 0.1
45 0 0.1
48 0 0.1
51 0 0.1
54 0 0.1
57 0 0.1
60 0 0.1
63 0 0.1
66 0 0.1
69 0 0.1
72 0 0.1
75 0 0.1
78 0 0.1
81 0 0.1
84 0 0.1
87 0 0.1
90 0 0.1
93 0 0.1
96 0 0.1
99 0 0.1
1 1 0.1
3 1 0.1
6 1 0.1
9 1 0.1
12 1 0.1
15 1 0.1
18 1 0.1
21 1 0.1
24 1 0.1
27 1 0.1
30 1 0.1
33 1 0.1
36 1 0.1
39 1 0.1
42 1 0.1
45 1 0.1
48 1 0.1
51 1 0.1
54 1 0.1
57 1 0.1
60 1 0.1
63 1 0.1
66 1 0.1
69 1 0.1
72 1 0.1
75 1 0.1
78 1 0.1
81 1 0.1
84 1 0.1
87 1 0.1
90 1 0.1
93 1 0.1
96 1 0.1
99 1 0.1
1 2 0.1
3 2 0.1
6 2 0.1
9 2 0.1
12 2 0.1
15 2 0.1
18 2 0.1
21 2 0.1
24 2 0.1
27 2 0.1
30 2 0.1
33 2 0.1
36 2 0.1
39 2 0.1
42 2 0.1
45 2 0.1
48 2 0.1
51 2 0.1
54 2 0.1
57 2 0.1
60 2 0.1
63 2 0.1
66 2 0.1
69 2 0.1
72 2 0.1
75 2 0.1
78 2 0.1
81 2 0.1
84 2 0.1
87 2 0.1
90 2 0.1
93 2 0.1
96 2 0.1
99 2 0.1
1 3 0.2
25 3 0.2
50 3 0.2
75 3 0.2
1 4 0.2
25 4 0.2
50 4 0.2
75 4 0.2
1 5 0.2
25 5 0.2
50 5 0.2
75 5 0.2
1 6 0.3
25 6 0.3
50 6 0.3
75 6 0.3
1 7 0.3
25 7 0.3
50 7 0.3
75 7 0.3
1 8 0.3
25 8 0.3
50 8 0.3
75 8 0.3
1 9 0.4
25 9 0.4
50 9 0.4
75 9 0.4
1 10 0.4
25 10 0.4
50 10 0.4
75 10 0.4
1 11 0.4
25 11 0.4
50 11 0.4
75 11 0.4
1 12 0.5
12 12 0.5
24 12 0.5
36 12 0.5
48 12 0.5
60 12 0.5
72 12 0.5
84 12 0.5
96 12 0.5
1 13 0.5
12 13 0.5
24 13 0.5
36 13 0.5
48 13 0.5
60 13 0.5
72 13 0.5
84 13 0.5
96 13 0.5
1 14 0.5
12 14 0.5
24 14 0.5
36 14 0.5
48 14 0.5
60 14 0.5
72 14 0.5
84 14 0.5
96 14 0.5
1 15 0.6
10 15 0.6
20 15 0.6
30 15 0.6
40 15 0.6
50 15 0.6
60 15 0.6
70 15 0.6
80 15 0.6
90 15 0.6
1 16 0.6
10 16 0.6
20 16 0.6
30 16 0.6
40 16 0.6
50 16 0.6
60 16 0.6
70 16 0.6
80 16 0.6
90 16 0.6
1 17 0.6
10 17 0.6
20 17 0.6
30 17 0.6
40 17 0.6
50 17 0.6
60 17 0.6
70 17 0.6
80 17 0.6
90 17 0.6
1 18 0.7
10 18 0.7
20 18 0.7
30 18 0.7
40 18 0.7
50 18 0.7
60 18 0.7
70 18 0.7
80 18 0.7
90 18 0.7
1 19 0.7
10 19 0.7
20 19 0.7
30 19 0.7
40 19 0.7
50 19 0.7
60 19 0.7
70 19 0.7
80 19 0.7
90 19 0.7
1 20 0.7
10 20 0.7
20 20 0.7
30 20 0.7
40 20 0.7
50 20 0.7
60 20 0.7
70 20 0.7
80 20 0.7
90 20 0.7
1 21 0.8
8 21 0.8
16 21 0.8
24 21 0.8
32 21 0.8
40 21 0.8
48 21 0.8
56 21 0.8
64 21 0.8
72 21 0.8
80 21 0.8
88 21 0.8
96 21 0.8
1 22 0.8
8 22 0.8
16 22 0.8
24 22 0.8
32 22 0.8
40 22 0.8
48 22 0.8
56 22 0.8
64 22 0.8
72 22 0.8
80 22 0.8
88 22 0.8
96 22 0.8
1 23 0.8
8 23 0.8
16 23 0.8
24 23 0.8
32 23 0.8
40 23 0.8
48 23 0.8
56 23 0.8
64 23 0.8
72 23 0.8
80 23 0.8
88 23 0.8
96 23 0.8
1 24 0.9
5 24 0.9
10 24 0.9
15 24 0.9
20 24 0.9
25 24 0.9
30 24 0.9
35 24 0.9
40 24 0.9
45 24 0.9
50 24 0.9
55 24 0.9
60 24 0.9
65 24 0.9
70 24 0.9
75 24 0.9
80 24 0.9
85 24 0.9
90 24 0.9
95 24 0.9
1 25 0.9
5 25 0.9
10 25 0.9
15 25 0.9
20 25 0.9
25 25 0.9
30 25 0.9
35 25 0.9
40 25 0.9
45 25 0.9
50 25 0.9
55 25 0.9
60 25 0.9
65 25 0.9
70 25 0.9
75 25 0.9
80 25 0.9
85 25 0.9
90 25 0.9
95 25 0.9
1 26 0.9
5 26 0.9
10 26 0.9
15 26 0.9
20 26 0.9
25 26 0.9
30 26 0.9
35 26 0.9
40 26 0.9
45 26 0.9
50 26 0.9
55 26 0.9
60 26 0.9
65 26 0.9
70 26 0.9
75 26 0.9
80 26 0.9
85 26 0.9
90 26 0.9
95 26 0.9
;

#-----------------
#f1
param deltacc:=
1 3 0.1
10 3 0.1
20 3 0.119733502648
30 3 0.119733502648
40 3 0.143361116564
50 3 0.143361116564
60 3 0.171651286298
70 3 0.171651286298
80 3 0.205524097426
90 3 0.205524097426
1 4 0.1
10 4 0.1
20 4 0.119733502648
30 4 0.119733502648
40 4 0.143361116564
50 4 0.143361116564
60 4 0.171651286298
70 4 0.171651286298
80 4 0.205524097426
90 4 0.205524097426
1 5 0.1
10 5 0.1
20 5 0.119733502648
30 5 0.119733502648
40 5 0.143361116564
50 5 0.143361116564
60 5 0.171651286298
70 5 0.171651286298
80 5 0.205524097426
90 5 0.205524097426
1 6 0.2
10 6 0.2
20 6 0.2
30 6 0.2
40 6 0.2
50 6 0.280104493532
60 6 0.280104493532
70 6 0.280104493532
80 6 0.280104493532
90 6 0.280104493532
1 7 0.2
10 7 0.2
20 7 0.2
30 7 0.2
40 7 0.2
50 7 0.280104493532
60 7 0.280104493532
70 7 0.280104493532
80 7 0.280104493532
90 7 0.280104493532
1 8 0.2
10 8 0.2
20 8 0.2
30 8 0.2
40 8 0.2
50 8 0.280104493532
60 8 0.280104493532
70 8 0.280104493532
80 8 0.280104493532
90 8 0.280104493532
1 9 0.3
8 9 0.3
16 9 0.3
24 9 0.3
32 9 0.4103253097
40 9 0.4103253097
48 9 0.4103253097
56 9 0.4103253097
64 9 0.561222865933
72 9 0.561222865933
80 9 0.561222865933
88 9 0.561222865933
96 9 0.767613154248
1 10 0.3
8 10 0.3
16 10 0.3
24 10 0.3
32 10 0.4103253097
40 10 0.4103253097
48 10 0.4103253097
56 10 0.4103253097
64 10 0.561222865933
72 10 0.561222865933
80 10 0.561222865933
88 10 0.561222865933
96 10 0.767613154248
1 11 0.3
8 11 0.3
16 11 0.3
24 11 0.3
32 11 0.4103253097
40 11 0.4103253097
48 11 0.4103253097
56 11 0.4103253097
64 11 0.561222865933
72 11 0.561222865933
80 11 0.561222865933
88 11 0.561222865933
96 11 0.767613154248
1 12 0.4
8 12 0.4
16 12 0.4
24 12 0.4
32 12 0.588327799222
40 12 0.588327799222
48 12 0.588327799222
56 12 0.588327799222
64 12 0.865323998345
72 12 0.865323998345
80 12 0.865323998345
88 12 0.865323998345
96 12 1.0
1 13 0.4
8 13 0.4
16 13 0.4
24 13 0.4
32 13 0.588327799222
40 13 0.588327799222
48 13 0.588327799222
56 13 0.588327799222
64 13 0.865323998345
72 13 0.865323998345
80 13 0.865323998345
88 13 0.865323998345
96 13 1.0
1 14 0.4
8 14 0.4
16 14 0.4
24 14 0.4
32 14 0.588327799222
40 14 0.588327799222
48 14 0.588327799222
56 14 0.588327799222
64 14 0.865323998345
72 14 0.865323998345
80 14 0.865323998345
88 14 0.865323998345
96 14 1.0
1 15 0.5
8 15 0.5
16 15 0.5
24 15 0.5
32 15 0.747356457086
40 15 0.747356457086
48 15 0.747356457086
56 15 0.747356457086
64 15 1.0
72 15 1.0
80 15 1.0
88 15 1.0
96 15 1.0
1 16 0.5
8 16 0.5
16 16 0.5
24 16 0.5
32 16 0.747356457086
40 16 0.747356457086
48 16 0.747356457086
56 16 0.747356457086
64 16 1.0
72 16 1.0
80 16 1.0
88 16 1.0
96 16 1.0
1 17 0.5
8 17 0.5
16 17 0.5
24 17 0.5
32 17 0.747356457086
40 17 0.747356457086
48 17 0.747356457086
56 17 0.747356457086
64 17 1.0
72 17 1.0
80 17 1.0
88 17 1.0
96 17 1.0
1 18 0.6
4 18 0.6
8 18 0.752294421572
12 18 0.752294421572
16 18 0.94324482788
20 18 0.94324482788
24 18 1.0
28 18 1.0
32 18 1.0
36 18 1.0
40 18 1.0
44 18 1.0
48 18 1.0
52 18 1.0
56 18 1.0
60 18 1.0
64 18 1.0
68 18 1.0
72 18 1.0
76 18 1.0
80 18 1.0
84 18 1.0
88 18 1.0
92 18 1.0
96 18 1.0
1 19 0.6
4 19 0.6
8 19 0.752294421572
12 19 0.752294421572
16 19 0.94324482788
20 19 0.94324482788
24 19 1.0
28 19 1.0
32 19 1.0
36 19 1.0
40 19 1.0
44 19 1.0
48 19 1.0
52 19 1.0
56 19 1.0
60 19 1.0
64 19 1.0
68 19 1.0
72 19 1.0
76 19 1.0
80 19 1.0
84 19 1.0
88 19 1.0
92 19 1.0
96 19 1.0
1 20 0.6
4 20 0.6
8 20 0.752294421572
12 20 0.752294421572
16 20 0.94324482788
20 20 0.94324482788
24 20 1.0
28 20 1.0
32 20 1.0
36 20 1.0
40 20 1.0
44 20 1.0
48 20 1.0
52 20 1.0
56 20 1.0
60 20 1.0
64 20 1.0
68 20 1.0
72 20 1.0
76 20 1.0
80 20 1.0
84 20 1.0
88 20 1.0
92 20 1.0
96 20 1.0
1 21 0.7
4 21 0.7
8 21 0.7
12 21 0.967123157529
16 21 0.967123157529
20 21 0.967123157529
24 21 1.0
28 21 1.0
32 21 1.0
36 21 1.0
40 21 1.0
44 21 1.0
48 21 1.0
52 21 1.0
56 21 1.0
60 21 1.0
64 21 1.0
68 21 1.0
72 21 1.0
76 21 1.0
80 21 1.0
84 21 1.0
88 21 1.0
92 21 1.0
96 21 1.0
1 22 0.7
4 22 0.7
8 22 0.7
12 22 0.967123157529
16 22 0.967123157529
20 22 0.967123157529
24 22 1.0
28 22 1.0
32 22 1.0
36 22 1.0
40 22 1.0
44 22 1.0
48 22 1.0
52 22 1.0
56 22 1.0
60 22 1.0
64 22 1.0
68 22 1.0
72 22 1.0
76 22 1.0
80 22 1.0
84 22 1.0
88 22 1.0
92 22 1.0
96 22 1.0
1 23 0.7
4 23 0.7
8 23 0.7
12 23 0.967123157529
16 23 0.967123157529
20 23 0.967123157529
24 23 1.0
28 23 1.0
32 23 1.0
36 23 1.0
40 23 1.0
44 23 1.0
48 23 1.0
52 23 1.0
56 23 1.0
60 23 1.0
64 23 1.0
68 23 1.0
72 23 1.0
76 23 1.0
80 23 1.0
84 23 1.0
88 23 1.0
92 23 1.0
96 23 1.0
1 24 0.8
4 24 0.8
8 24 0.8
12 24 0.8
16 24 1.0
20 24 1.0
24 24 1.0
28 24 1.0
32 24 1.0
36 24 1.0
40 24 1.0
44 24 1.0
48 24 1.0
52 24 1.0
56 24 1.0
60 24 1.0
64 24 1.0
68 24 1.0
72 24 1.0
76 24 1.0
80 24 1.0
84 24 1.0
88 24 1.0
92 24 1.0
96 24 1.0
1 25 0.8
4 25 0.8
8 25 0.8
12 25 0.8
16 25 1.0
20 25 1.0
24 25 1.0
28 25 1.0
32 25 1.0
36 25 1.0
40 25 1.0
44 25 1.0
48 25 1.0
52 25 1.0
56 25 1.0
60 25 1.0
64 25 1.0
68 25 1.0
72 25 1.0
76 25 1.0
80 25 1.0
84 25 1.0
88 25 1.0
92 25 1.0
96 25 1.0
1 26 0.8
4 26 0.8
8 26 0.8
12 26 0.8
16 26 1.0
20 26 1.0
24 26 1.0
28 26 1.0
32 26 1.0
36 26 1.0
40 26 1.0
44 26 1.0
48 26 1.0
52 26 1.0
56 26 1.0
60 26 1.0
64 26 1.0
68 26 1.0
72 26 1.0
76 26 1.0
80 26 1.0
84 26 1.0
88 26 1.0
92 26 1.0
96 26 1.0
;

param r:=
1 24
2 3
3 6
4 18
5 6
6 18
7 18
8 3
9 6
10 3
11 21
12 12
13 9
14 15
15 12
16 18
17 15
18 18
19 3
20 18
21 15
22 0
23 21
24 18
25 18
26 6
27 21
28 24
29 6
30 12
31 18
32 21
33 24
34 0
35 24
36 9
37 21
38 0
39 18
40 6
41 18
42 24
43 15
44 21
45 3
46 15
47 15
48 15
49 12
50 24
51 24
52 18
53 12
54 0
55 18
56 21
;
param NJ:=26;
param NK:=100;
param NI:=56;

param wdc:=0.33;
param wcc:=0.33;
param wic:=0.33;
param deltaIC:=
0 3 0.1
0 4 0.1
0 5 0.1
1 3 0.1
1 4 0.1
1 5 0.1
2 3 0.1
2 4 0.1
2 5 0.1
0 6 0.2
0 7 0.2
0 8 0.2
1 6 0.2
1 7 0.2
1 8 0.2
2 6 0.2
2 7 0.2
2 8 0.2
0 9 0.3
0 10 0.3
0 11 0.3
1 9 0.3
1 10 0.3
1 11 0.3
2 9 0.3
2 10 0.3
2 11 0.3
0 12 0.4
0 13 0.4
0 14 0.4
1 12 0.4
1 13 0.4
1 14 0.4
2 12 0.4
2 13 0.4
2 14 0.4
0 15 0.5
0 16 0.5
0 17 0.5
1 15 0.5
1 16 0.5
1 17 0.5
2 15 0.5
2 16 0.5
2 17 0.5
0 18 0.6
0 19 0.6
0 20 0.6
1 18 0.6
1 19 0.6
1 20 0.6
2 18 0.6
2 19 0.6
2 20 0.6
0 21 0.7
0 22 0.7
0 23 0.7
1 21 0.7
1 22 0.7
1 23 0.7
2 21 0.7
2 22 0.7
2 23 0.7
0 24 0.8
0 25 0.8
0 26 0.8
1 24 0.8
1 25 0.8
1 26 0.8
2 24 0.8
2 25 0.8
2 26 0.8
3 6 0.1
3 7 0.1
3 8 0.1
4 6 0.1
4 7 0.1
4 8 0.1
5 6 0.1
5 7 0.1
5 8 0.1
3 9 0.2
3 10 0.2
3 11 0.2
4 9 0.2
4 10 0.2
4 11 0.2
5 9 0.2
5 10 0.2
5 11 0.2
3 12 0.3
3 13 0.3
3 14 0.3
4 12 0.3
4 13 0.3
4 14 0.3
5 12 0.3
5 13 0.3
5 14 0.3
3 15 0.4
3 16 0.4
3 17 0.4
4 15 0.4
4 16 0.4
4 17 0.4
5 15 0.4
5 16 0.4
5 17 0.4
3 18 0.5
3 19 0.5
3 20 0.5
4 18 0.5
4 19 0.5
4 20 0.5
5 18 0.5
5 19 0.5
5 20 0.5
3 21 0.6
3 22 0.6
3 23 0.6
4 21 0.6
4 22 0.6
4 23 0.6
5 21 0.6
5 22 0.6
5 23 0.6
3 24 0.7
3 25 0.7
3 26 0.7
4 24 0.7
4 25 0.7
4 26 0.7
5 24 0.7
5 25 0.7
5 26 0.7
6 9 0.1
6 10 0.1
6 11 0.1
7 9 0.1
7 10 0.1
7 11 0.1
8 9 0.1
8 10 0.1
8 11 0.1
6 12 0.2
6 13 0.2
6 14 0.2
7 12 0.2
7 13 0.2
7 14 0.2
8 12 0.2
8 13 0.2
8 14 0.2
6 15 0.3
6 16 0.3
6 17 0.3
7 15 0.3
7 16 0.3
7 17 0.3
8 15 0.3
8 16 0.3
8 17 0.3
6 18 0.4
6 19 0.4
6 20 0.4
7 18 0.4
7 19 0.4
7 20 0.4
8 18 0.4
8 19 0.4
8 20 0.4
6 21 0.5
6 22 0.5
6 23 0.5
7 21 0.5
7 22 0.5
7 23 0.5
8 21 0.5
8 22 0.5
8 23 0.5
6 24 0.6
6 25 0.6
6 26 0.6
7 24 0.6
7 25 0.6
7 26 0.6
8 24 0.6
8 25 0.6
8 26 0.6
9 12 0.1
9 13 0.1
9 14 0.1
10 12 0.1
10 13 0.1
10 14 0.1
11 12 0.1
11 13 0.1
11 14 0.1
9 15 0.2
9 16 0.2
9 17 0.2
10 15 0.2
10 16 0.2
10 17 0.2
11 15 0.2
11 16 0.2
11 17 0.2
9 18 0.3
9 19 0.3
9 20 0.3
10 18 0.3
10 19 0.3
10 20 0.3
11 18 0.3
11 19 0.3
11 20 0.3
9 21 0.4
9 22 0.4
9 23 0.4
10 21 0.4
10 22 0.4
10 23 0.4
11 21 0.4
11 22 0.4
11 23 0.4
9 24 0.5
9 25 0.5
9 26 0.5
10 24 0.5
10 25 0.5
10 26 0.5
11 24 0.5
11 25 0.5
11 26 0.5
12 15 0.1
12 16 0.1
12 17 0.1
13 15 0.1
13 16 0.1
13 17 0.1
14 15 0.1
14 16 0.1
14 17 0.1
12 18 0.2
12 19 0.2
12 20 0.2
13 18 0.2
13 19 0.2
13 20 0.2
14 18 0.2
14 19 0.2
14 20 0.2
12 21 0.3
12 22 0.3
12 23 0.3
13 21 0.3
13 22 0.3
13 23 0.3
14 21 0.3
14 22 0.3
14 23 0.3
12 24 0.4
12 25 0.4
12 26 0.4
13 24 0.4
13 25 0.4
13 26 0.4
14 24 0.4
14 25 0.4
14 26 0.4
15 18 0.1
15 19 0.1
15 20 0.1
16 18 0.1
16 19 0.1
16 20 0.1
17 18 0.1
17 19 0.1
17 20 0.1
15 21 0.2
15 22 0.2
15 23 0.2
16 21 0.2
16 22 0.2
16 23 0.2
17 21 0.2
17 22 0.2
17 23 0.2
15 24 0.3
15 25 0.3
15 26 0.3
16 24 0.3
16 25 0.3
16 26 0.3
17 24 0.3
17 25 0.3
17 26 0.3
18 21 0.1
18 22 0.1
18 23 0.1
19 21 0.1
19 22 0.1
19 23 0.1
20 21 0.1
20 22 0.1
20 23 0.1
18 24 0.2
18 25 0.2
18 26 0.2
19 24 0.2
19 25 0.2
19 26 0.2
20 24 0.2
20 25 0.2
20 26 0.2
21 24 0.1
21 25 0.1
21 26 0.1
22 24 0.1
22 25 0.1
22 26 0.1
23 24 0.1
23 25 0.1
23 26 0.1
;
